Matrix	CP023371.1	CP023377.1	CP023383.1	CP023531.1	CP023535.1	KR422353.1	KR698074.1	LN997803.1	NC_011041.1
AACGAA	1.020414032209147	1.02913335348947177	1.02448601810599827	1.01709998106518942	1.02071272922767847	1.17735290135194915	0.943281206650401169	0.980458632745476649	0.937886430454120295
CACGAA	0.962996799152363465	0.973824625806978784	0.955636506239725949	0.953787935726479342	0.960736616159891937	0.936256287335379953	0.989743015795499287	1.08970411044512074	0.935520764113208281
TACGAA	0.947599017604032788	0.941620870915355208	0.939269865657112869	0.945225053581755214	0.947035184756480612	0.957082330206063503	1.0012369594234135	0.820592182053018146	1.01501141193348244
GACGAA	1.03482310741142673	1.02613626949023189	1.02714302932094956	1.04112997671011519	1.030201192649476	0.881485093978182731	1.05234682871074523	1.02319920080832674	1.13154285826066037
ACCGAA	0.964600233303074306	0.955067594966350513	0.968386358289379471	0.967657895856885576	0.964977715064422804	0.80224765266366869	0.987138761111736955	0.923459976553146345	1.00317480156580834
CCCGAA	0.99144777597957686	0.998738048961242992	1.01284441709015406	1.02765311989748932	1.01839737377978317	1.13042344675536353	1.13801889179288475	0.890181484018892639	1.17983091123068173
TCCGAA	1.16961927330833739	1.14027989974868011	1.17388071304549344	1.11801948616154383	1.13750308045761779	1.04919963648575188	1.024627312921539	1.34591107248489005	0.970456585787916795
GCCGAA	0.993921684323829948	0.992756907478722538	0.986179725121158146	0.983928812651100898	0.989809404031943939	1.0431300702571497	0.920451040785643543	1.07905810663050029	0.969500847645084452
ATCGAA	0.975213842027031165	0.97018312906975636	0.969460648048442802	0.981539936375667828	0.979598549384626897	1.01983980440195311	1.04441999751932973	1.12517667916507601	0.997478584390352515
CTCGAA	1.08119552859023776	1.06761744799668728	1.08512090199976668	1.05411577999198959	1.0422926655295115	1.01445856951098883	0.964962071853592254	0.90833647867874642	0.991271590405464902
TTCGAA	0.9676109224016121	0.983023706812647155	0.99550515138464839	0.97261662309087929	0.98458094245916102	1.02437518850418184	0.846421640021241185	0.79560069326146473	0.945529958148459264
GTCGAA	1.01233208579980333	0.992472775449881137	1.02285037935250321	1.00447909112401088	1.00932663770945396	0.892716843293682894	1.23659824254118994	0.921149341651064783	1.16679076955389583
AGCGAA	1.02581146519539831	1.0293077657474902	1.02810393442393254	1.02557105465343168	1.02396080239842248	0.965026787035895306	0.980342749234090845	0.979085786465985945	1.0725210234228125
CGCGAA	0.98882548221250614	0.98370743496101659	0.986593583243751482	0.989826898683450503	0.989027851214836405	0.639937718961289314	0.960115925548250127	1.04981683659808795	0.972552645336840901
TGCGAA	0.955117271985372253	0.953330428571265972	0.944282201963927419	0.976652219369268003	0.955842714844677385	1.01914195687252516	1.09151760850848601	1.18307863080464129	1.00066564768344298
GGCGAA	1.00229640309811525	1.01230837591007135	1.00990031633780118	1.00867847472148351	1.0067019027318234	1.34114275536081635	0.922591678728447005	0.875242530183423953	0.879163421764359482
AACGAC	0.957459766196425574	0.950802629197272632	0.945044019239828202	0.946994625759894584	0.943601495299859347	0.990167859231112982	1.02398246977942069	0.919147379873513471	0.973165215336689194
CACGAC	1.05310480774164898	1.03543134225649441	1.03069547792567698	1.03138744964810539	1.03347441145473705	0.973699245060808751	0.99481227579458619	1.00775859073818434	1.0587946653801869
TACGAC	0.962823862230712892	0.958258247580484882	0.953536553411845503	0.9854846334781634	0.962665609570532888	0.942360101477505991	0.899174246330428812	1.257998970893671	0.854954128387129673
GACGAC	0.993096377607656213	0.995990735440490291	0.988599939109141657	1.01457504645473908	1.0052327208576742	1.20586952637108955	1.13054722865571275	1.04519289414428537	1.29197178478399844
ACCGAC	1.01855796220689541	1.02898274486462043	1.00660089520697201	1.02343981797756769	1.01235724720042163	1.04000931079779024	0.95265295489494606	0.778101817604165608	0.925205215604802278
CCCGAC	0.940738949234646237	0.975282807354225734	0.955557701798169039	0.955326556873300368	0.955306779478443993	0.706720303016441275	0.80106413579501398	1.1771590881443895	0.643296781609903342
TCCGAC	0.94945026043323955	0.966773462512895616	0.955208706127338269	0.983185984100012319	0.978355608107804861	1.18063462398280268	1.12943603573614866	0.954278739805802793	1.07464595240398775
GCCGAC	1.0601429087218368	1.07580644936295826	1.08595524363463079	1.07742943787558515	1.07168231297654627	0.897214112962978082	1.16724657888311949	1.02000984796293506	1.17546548215503002
ATCGAC	1.02941215709457178	1.03058142913021634	1.03870282773359797	1.01938061555732158	1.03809546540483025	1.26917513238909166	0.943798763587440504	1.17099506042054575	1.00983287320863677
CTCGAC	1.06927372278766842	1.08380664660716872	1.10342955925128401	1.10358560753908543	1.12039175592438158	1.30749828512651634	1.21523819960389208	0.664638489819161132	1.06185918124788697
TTCGAC	1.01233208579980333	0.992472775449881138	1.02285037935250321	1.00447909112401088	1.00932663770945396	0.892716843293682894	1.23659824254118994	0.921149341651064784	1.16679076955389583
GTCGAC	0.760582934512242166	0.777411097645436705	0.724393379937545332	0.724025373948404234	0.736742028562073184	0.542744487453608439	0	0.780971748379594518	0.30323305991218225
AGCGAC	0.945531259401991873	0.961691339313983632	0.961529873598761206	0.961676785320825019	0.96475845188501061	0.460045008111715273	1.12822190722387271	0.957603332882890188	1.14436889391374788
CGCGAC	1.00494706955540128	1.00631004535417192	0.990315305305042808	0.998982807049906191	0.994687629075855981	1.11679208044733963	1.05499578402657635	1.10690906325583487	1.23792666913927818
TGCGAC	1.03513728707775092	1.05723916452153966	1.03030965961716441	1.00379608984525994	1.023209501853732	1.02984495335734751	0.852154605397222674	0.662838383287279616	1.01961635907401798
GGCGAC	1.03564859057091411	1.0178221398538369	1.03397147889438515	1.01848489220635848	1.02851412561491626	1.32039627009739303	1.19105039789245175	1.07614108042023299	0.801605883776030009
AACGAT	1.01043897287364294	1.01423181723980685	1.01407755484285971	1.01592607623361251	1.01315502030445192	0.970375777206437886	1.01665876405546391	1.00341054807335864	1.0174571536854604
CACGAT	0.966090648154570361	0.970256336414861886	0.959565975166259285	0.975985025736885889	0.965247675226368785	0.949816583040706287	0.953113257819624217	1.09268834096730573	0.98968615955454725
TACGAT	1.06545026889946544	1.04530868779125026	1.04808107149653086	1.05435509545306619	1.0436502130183505	1.00021170595627704	0.98678878770401603	0.990044775336444002	1.01751571209602115
GACGAT	1.0086845077060012	1.01063917680711339	1.01167361257053558	1.00629946627075599	1.00308035201462582	1.06646232977044559	0.999808362815143251	0.909666293701559617	0.96173066223817512
ACCGAT	0.986894264884132946	0.982079777467969019	0.974473575924371448	0.986015889381245633	0.986252449605212213	1.04506244630005031	1.0618154216885964	1.24045033340697578	1.04710216077639955
CCCGAT	1.05510800233033447	1.01963845861360669	1.06142863836247848	1.03019445953917907	1.03161603294759025	1.03184998258934201	0.934328899565046273	0.848380690317568463	1.04092614734296609
TCCGAT	1.04600139644663247	1.02471193355318297	1.0558036344129675	1.00926958815926071	1.04133975928985762	0.955275674510658769	0.958000376857520335	0.819686988466304228	0.964097826858148579
GCCGAT	0.991169196058533491	0.98818116924823247	0.992919819359493878	0.990381489048252214	0.992840681898295452	1.03101208222754877	1.03078562185608656	1.01231127836842493	1.01242817547460064
ATCGAT	0.946532624502551123	0.946316243663699648	0.955566251030027803	0.952533124977533628	0.951736143772293521	0.829252804876982004	0.889050760439246956	0.58575171194633667	0.943393697826824764
CTCGAT	1.0180337069768362	1.03840786595593504	1.0352074903806668	1.00700948240830003	1.00665038280452996	1.01805089668101037	1.33950912008282297	1.11546695108433124	1.16719632528057095
TTCGAT	0.975213842027031166	0.97018312906975636	0.969460648048442802	0.981539936375667829	0.979598549384626898	1.01983980440195311	1.04441999751932973	1.12517667916507601	0.997478584390352515
GTCGAT	1.02941215709457178	1.03058142913021634	1.03870282773359796	1.01938061555732158	1.03809546540483025	1.26917513238909166	0.943798763587440505	1.17099506042054575	1.00983287320863677
AGCGAT	1.05287622142189821	1.05568144408694398	1.05659636498211582	1.05652094389439019	1.05915930244844196	1.12402139361532923	1.04117127192335747	1.17683589978316775	1.00456226663735839
CGCGAT	0.973608382876840767	0.977385214409469597	0.974169014576289122	0.990273815184645409	0.990002177940772283	1.19699104079948417	0.651691402158355781	0.885668937879968334	0.706348257381410157
TGCGAT	0.966537253834510557	0.994594197635074297	0.978287532567347545	0.976715285436117211	0.972641625651108014	0.957201038126737385	1.0469840049095989	1.01786020031910262	1.08819186711313233
GGCGAT	1.00485965647790907	1.00554719431009763	0.993725219268214345	1.01266947916013177	1.00158774876567249	0.631348185378258242	0.997149199646734897	0.931674231521597438	1.02064570881397209
AACGAG	0.985038371552277425	0.976636889286375945	0.984563028878438117	0.957194475415853337	0.975306711075620587	0.813120596463893195	0.948300440163867199	1.10174551736084928	1.06045302183952082
CACGAG	1.08500365955176121	1.11761346294129285	1.1392958915297178	1.07518200180815641	1.08406717605999805	1.17638693770304165	1.16161499960367228	0.442419246973255216	1.08255971713941913
TACGAG	1.00087833054721828	0.978869928130241258	0.999050554158794601	1.004646142785425	1.0893256459470742	1.0635637475152542	1.09315825310642503	1.21046054745089678	1.08085771890698012
GACGAG	0.989504697873933971	0.957031611452261996	0.953058190369298069	0.950788468991269133	0.946266537975484788	1.01139459535502974	0.888945535417268291	0.956359885877996631	0.83731519315155661
ACCGAG	1.05545499659699853	1.03646943165796168	1.03510305865352997	1.04747351322358471	1.04095551221608781	1.21455427655196915	1.01453627810632692	0.879441112769498471	0.947731734476309116
CCCGAG	0.941889170890173865	0.903880162870718968	0.954427043388280879	0.920237951339641448	0.932813811259924792	0.884186751147847127	1.03986278161623345	1.43610749081895152	0.915497926320906429
TCCGAG	0.81983196080592649	0.882459255521079713	0.884692968376502336	0.810050321501030126	0.782669730946953108	0.866035487934873529	0.935267681911292428	0.906704555776593043	1.08545866015869645
GCCGAG	0.965076874109192974	0.966605421379891644	0.956466100628597453	0.95687901730555639	0.967174300202948907	0.74678902117832612	1.04621098527281303	0.856301236323371098	1.04523424578975437
ATCGAG	1.0180337069768362	1.03840786595593504	1.0352074903806668	1.00700948240830003	1.00665038280452996	1.01805089668101037	1.33950912008282297	1.11546695108433124	1.16719632528057095
CTCGAG	0.646118279005472259	0.616139873380960993	0.623736286412221983	0.653050477104084077	0.651627739155542514	0.682352558680072381	0	0.932004263387616146	0.29729486166379582
TTCGAG	1.08119552859023775	1.06761744799668728	1.08512090199976668	1.05411577999198959	1.0422926655295115	1.01445856951098883	0.964962071853592254	0.90833647867874642	0.991271590405464901
GTCGAG	1.06927372278766842	1.08380664660716872	1.10342955925128401	1.10358560753908543	1.12039175592438158	1.30749828512651634	1.21523819960389208	0.664638489819161132	1.06185918124788697
AGCGAG	0.949829364835196712	0.953784142991240782	0.95368031884279256	0.975411543140866985	0.971952919571982107	1.06228279667153937	0.841868298357443942	0.844510749269391251	0.834710495262148654
CGCGAG	1.10547901111254615	1.1131165690487023	1.08663221958963698	1.10739666650838252	1.1025567024635365	0.98070616983687522	1.25600594274260463	1.04548373379801862	1.08928722307298894
TGCGAG	1.03247239911082253	1.02185061949716228	1.00349519331128467	1.05414889158573855	1.04614270485221183	1.0399871672969863	1.04087310099865032	0.821551277302480034	0.891222611967492063
GGCGAG	0.978716212537716143	0.981708237452482042	0.978653113574599918	0.980110334380636996	0.974637864757407273	0.85619993926440506	0.995385893511948795	1.35464606344887155	1.106281842339693
AACGCA	0.99158197504194941	0.970437963594076639	0.989845322494449785	0.978231214096522409	0.97862735735553462	1.00106863063769267	1.0495446399281574	0.88903210806529075	1.03009346732490415
CACGCA	1.03171764211997308	1.03553777960999486	1.01867541339535959	1.03576036746272268	1.0301582054153229	0.756443310919203791	1.08600722801342644	0.986908289132452393	1.0669878902096578
TACGCA	0.994758417393814363	0.99423547000148163	0.978454186315427915	0.969808370735814292	0.971385548547753379	0.9755496580801065	1.05021759035080837	1.23481044415830524	1.08974044195485376
GACGCA	1.00691538668568298	0.996889315600511975	1.00244437410633457	1.00000502915579783	1.00910908145614851	1.13045061643673273	0.882302921222548841	0.951059062750092752	0.783574654340638816
ACCGCA	1.04205468977317966	1.0268977682516466	1.02117193718609794	1.03910661090615827	1.04508603086176826	0.869099038128275254	0.907149378912040074	0.99637721114444168	0.910382768038709926
CCCGCA	1.01777212059807738	1.02419664398089162	1.02438404237723127	1.01633715831228731	1.01604661826045048	1.06856966456774284	0.983535663720463731	1.014476337093254	1.05628769007951631
TCCGCA	1.10865689029404379	1.10163492396503814	1.11267754323333269	1.09376498855781835	1.09810977814278418	1.21550977852906294	1.23394132040810196	0.9926114488607638	1.24586825624579418
GCCGCA	0.911043738564093278	0.904229224256342606	0.915678001587671882	0.912246257028181364	0.908385674253575808	0.918736757021632522	0.850265167477241132	0.980772580008361686	0.835795929530717782
ATCGCA	0.966537253834510556	0.994594197635074297	0.978287532567347545	0.976715285436117211	0.972641625651108013	0.957201038126737385	1.0469840049095989	1.01786020031910262	1.08819186711313233
CTCGCA	1.03247239911082253	1.02185061949716228	1.00349519331128467	1.05414889158573855	1.04614270485221183	1.0399871672969863	1.04087310099865032	0.821551277302480034	0.891222611967492064
TTCGCA	0.955117271985372253	0.953330428571265971	0.944282201963927419	0.976652219369268002	0.955842714844677385	1.01914195687252516	1.09151760850848601	1.18307863080464129	1.00066564768344298
GTCGCA	1.03513728707775092	1.05723916452153966	1.03030965961716441	1.00379608984525994	1.023209501853732	1.02984495335734751	0.852154605397222675	0.662838383287279615	1.01961635907401798
AGCGCA	1.00538199765433922	1.01567230974122754	1.00934115407061444	1.01034677949282263	1.01168490949276644	1.18529979205975402	0.981326658206826895	1.15375526882770856	0.967347615208948641
CGCGCA	0.975765508990816916	0.965124005307767744	0.979771851561475801	0.973717801053240095	0.97898022580507634	1.28832797024700552	0.327524896521139612	1.05698288169528354	0.934625907755486775
TGCGCA	0.974314858188042325	0.980926112243780855	0.986770829372138674	0.984469516156738411	0.993473030155641591	0.836050048038148648	0.322053389937198312	0.799958370632022843	0.307512142743078119
GGCGCA	1.04456827157418859	1.0417085385488937	1.03787144787325585	1.0481957084180629	1.04441143697161967	0.843886333760285557	1.65728006434569638	1.10916742274962988	1.49355890694459542
AACGCC	1.01457925177792226	1.00798475169009139	1.01728177092701789	1.0052917323777891	1.0084856147226203	1.1284229180237943	1.08335830762923303	1.09263340866258994	1.06033462627192644
CACGCC	0.989064475562840784	0.992174261224257582	0.997620034700079117	0.989720128797980188	0.986235018827313161	0.774348900176881871	0.874787760549232654	0.872597005470469809	0.855047548139094202
TACGCC	1.02082346921362921	1.00579287944992673	1.01231468455682701	1.02436031277411158	1.01854366625480482	1.0529893903962866	1.10554922491456775	1.07331116546938642	1.20398932203593092
GACGCC	0.99368340410611091	0.991388059952850042	1.00183003832768712	1.01364085071941933	1.01359736597024451	0.861868135975544078	0.541928851302448686	0.969223930976921084	0.321526940642183167
ACCGCC	0.987524273384984917	0.985555197006252402	0.990794649450166534	0.979709083161928441	0.994017713990727844	0.990722709562458847	1.093777440376546	1.04016135786763736	1.07807925738825726
CCCGCC	0.919865714987823153	0.911039824170874564	0.919088771969511109	0.917333329469467164	0.914569685492966797	1.16753377277947247	1.02442262428129814	0.953630983315936509	1.02777993324547594
TCCGCC	0.933010766144517779	0.932127728748995453	0.938940785348557403	0.921754012978557874	0.932688450931374141	0.826938914148205759	0.462136514590910219	0.896622570258870082	0.54174462910815181
GCCGCC	1.17427666164211215	1.17139625547482237	1.17042434277339794	1.17749267970905334	1.18322001574331962	1.06362325622029484	1.21357364543621108	1.16972640180818797	1.3321289770055776
ATCGCC	1.00485965647790907	1.00554719431009763	0.993725219268214345	1.01266947916013177	1.00158774876567249	0.631348185378258243	0.997149199646734896	0.931674231521597439	1.02064570881397209
CTCGCC	0.978716212537716142	0.981708237452482041	0.978653113574599918	0.980110334380636995	0.974637864757407273	0.856199939264405061	0.995385893511948796	1.35464606344887155	1.106281842339693
TTCGCC	1.00229640309811525	1.01230837591007136	1.00990031633780118	1.00867847472148351	1.0067019027318234	1.34114275536081636	0.922591678728447004	0.875242530183423954	0.879163421764359482
GTCGCC	1.03564859057091411	1.0178221398538369	1.03397147889438515	1.01848489220635848	1.02851412561491626	1.32039627009739303	1.19105039789245175	1.07614108042023299	0.801605883776030009
AGCGCC	1.00220324277962505	1.00213251971753562	1.00964330391990453	1.00539796770604275	1.00217229634549579	1.24047150258233229	0.836513997469695102	0.942311402696608724	0.886304378862085646
CGCGCC	1.09384327016319894	1.08815311551033803	1.0860661303344075	1.09209212290015952	1.09747284346695481	1.16527506573417485	1.33041661964843066	1.07349336586772897	1.06172799195316538
TGCGCC	1.04456827157418859	1.0417085385488937	1.03787144787325585	1.0481957084180629	1.04441143697161967	0.843886333760285557	1.65728006434569638	1.10916742274962988	1.49355890694459542
GGCGCC	0.117387201631234718	0.174544455583569583	0.168226712456136733	0.170019523118999007	0.164725722680585578	0.440676107059518804	0	0.639284702039981554	0.238860618404818792
AACGCT	1.05923380168691446	1.05186538430333532	1.05182601504138295	1.05272791885172836	1.05239751376070103	0.887543984856418483	0.8865446421262163	0.957644068513637842	0.913636852217726504
CACGCT	0.961072245830637526	0.958746462671159224	0.96169058096223419	0.957553279278956959	0.965539171875577717	1.26858573976072936	1.08192188886961797	1.01150316332344448	1.15027782972052745
TACGCT	0.966165724816533433	0.960860116181427152	0.956889221202044369	0.944390930538603237	0.948139901931898785	1.02141974473152548	0.927969532322825474	0.870872063338066447	0.893228551890010172
GACGCT	1.02535524506867882	1.01675521443070041	1.01291996747869339	1.02936526638246069	1.03535786286283139	0.949484040865659677	1.18835683184970698	1.08783423351716084	1.10161554274826846
ACCGCT	1.01940665251014306	1.02826135066936303	1.02413976278133443	1.03424543026107368	1.0284965838463416	1.13866002458174882	1.14792306550316449	1.08525337001843752	1.13216270885981741
CCCGCT	0.973368695905387113	0.988874476013486879	0.988748491047186285	0.97883829342079692	0.983028741219152967	0.78800778245224848	0.851273151245939706	1.01788417997095853	0.838216732453666959
TCCGCT	1.00940662741163718	0.999086168389027763	1.00837615291841993	1.02206961267413782	1.02173268533061868	0.891436121374612241	1.02486077689662523	0.984608469506576849	1.00552374021173121
GCCGCT	0.975446117483567548	0.975419573593674368	0.971868701898529203	0.961955462222125788	0.963933196365422682	1.15836382479411553	0.972015415896326398	0.948900154830238778	0.906883469672111736
ATCGCT	1.05287622142189821	1.05568144408694398	1.05659636498211582	1.05652094389439019	1.05915930244844196	1.12402139361532923	1.04117127192335747	1.17683589978316775	1.00456226663735838
CTCGCT	0.949829364835196713	0.953784142991240782	0.95368031884279256	0.975411543140866986	0.971952919571982107	1.06228279667153937	0.841868298357443943	0.844510749269391252	0.834710495262148654
TTCGCT	1.02581146519539831	1.0293077657474902	1.02810393442393254	1.02557105465343168	1.02396080239842248	0.965026787035895307	0.980342749234090846	0.979085786465985944	1.0725210234228125
GTCGCT	0.945531259401991872	0.961691339313983632	0.961529873598761205	0.961676785320825019	0.964758451885010609	0.460045008111715273	1.12822190722387271	0.957603332882890187	1.14436889391374788
AGCGCT	0.782963542293515647	0.793964303047765829	0.786152132535876909	0.760097163032061231	0.77075502153633377	0.741820968911846798	0.939896722520231648	0.785838487970896749	0.976826120009801271
CGCGCT	1.05701600508543602	1.04764738697283237	1.04637522832575639	1.03763071191659455	1.03874255594323038	0.864660920173654202	1.61812708654024859	1.0757463917350462	1.51830322094429649
TGCGCT	1.00538199765433922	1.01567230974122754	1.00934115407061444	1.01034677949282263	1.01168490949276644	1.18529979205975402	0.981326658206826896	1.15375526882770856	0.967347615208948641
GGCGCT	1.00220324277962505	1.00213251971753562	1.00964330391990453	1.00539796770604275	1.00217229634549579	1.24047150258233229	0.836513997469695103	0.942311402696608724	0.886304378862085645
AACGCG	0.980391164854106479	0.986058458467197544	0.975205147243868772	0.992259436604071675	0.989689256527953931	0.943576333489580435	1.05985905560449882	1.12441771118375677	1.12449397762263782
CACGCG	1.02541521176396078	1.01387992210874435	1.00635476491487795	1.00335589306712974	1.00634257970337643	1.09591658159142246	0.974215225579928415	1.1695190617389757	0.898250835985260263
TACGCG	1.02560838116620062	1.03115871893236704	1.02230237556236848	1.01548893549534773	1.00781360428459732	0.971651897921503571	0.801269683311812602	0.659106739093809649	0.583351806801386995
GACGCG	0.97225141136544611	0.984021286858820618	0.987688483847298494	0.991249044810794173	0.990051562645496489	0.974022779639583697	0.83021789124550538	1.00055726162604438	1.37439511218308821
ACCGCG	0.976869259432095034	0.971571943605182385	0.980261107727415466	0.962881282581752786	0.964389115110390938	0.933300513144829505	0.832201604696227859	0.831748534841113543	0.856458308499596765
CCCGCG	1.14754537836704892	1.12744381972475145	1.14345152884894235	1.14604183351186795	1.13651927922066589	1.02364295259715864	1.06516960311594969	1.09306837721266496	1.11873653191028619
TCCGCG	1.00190687911187744	1.02306282774139969	0.999669401998119292	1.00738407387940642	1.01265228429032168	1.11044314652515462	1.67400931629687806	1.18793960532124682	1.49571955688248577
GCCGCG	0.964369142417408996	0.955581681097610064	0.961948518297001827	0.949453806727325706	0.948478621075802889	0.853493762425343832	0.82525220034015409	0.843915166214996845	0.636131198941742097
ATCGCG	0.973608382876840766	0.977385214409469597	0.974169014576289122	0.990273815184645409	0.990002177940772282	1.19699104079948417	0.651691402158355782	0.885668937879968334	0.706348257381410157
CTCGCG	1.10547901111254615	1.1131165690487023	1.08663221958963698	1.10739666650838252	1.1025567024635365	0.98070616983687522	1.25600594274260463	1.04548373379801862	1.08928722307298894
TTCGCG	0.988825482212506139	0.983707434961016589	0.986593583243751481	0.989826898683450503	0.989027851214836405	0.639937718961289314	0.960115925548250127	1.04981683659808795	0.972552645336840901
GTCGCG	1.00494706955540128	1.00631004535417192	0.990315305305042808	0.99898280704990619	0.99468762907585598	1.11679208044733963	1.05499578402657635	1.10690906325583486	1.23792666913927818
AGCGCG	1.05701600508543602	1.04764738697283237	1.04637522832575639	1.03763071191659455	1.03874255594323038	0.864660920173654202	1.61812708654024859	1.0757463917350462	1.51830322094429649
CGCGCG	0.854824581474007705	0.864835063589715449	0.865972023189141105	0.866492531458227258	0.87373742145739045	0.574973207166646893	0.364914121564841317	0.817861611275072666	0.557821460395166522
TGCGCG	0.975765508990816915	0.965124005307767744	0.9797718515614758	0.973717801053240095	0.97898022580507634	1.28832797024700552	0.327524896521139612	1.05698288169528354	0.934625907755486775
GGCGCG	1.09384327016319894	1.08815311551033803	1.0860661303344075	1.09209212290015952	1.09747284346695481	1.16527506573417485	1.33041661964843066	1.07349336586772897	1.06172799195316538
AACGTA	0.950878547611976031	0.959951186330699958	0.948654118369408545	0.973259147387761416	0.981009984799776956	0.945191970958658262	1.05577697684598012	1.14715607955125176	1.13682771284339516
CACGTA	1.0513713088875519	1.04662215872768854	1.03654871496070913	1.04864909469013675	1.03915915306420161	1.13656807450513774	0.935689026616139816	1.0021679934425066	0.987554405934964617
TACGTA	1.0000939596096804	1.00055002056151627	0.986057647789545582	1.00622063306635787	1.00933731249575659	0.908811793378277089	0.890181984806414278	0.926683531588704755	0.766636169164808272
GACGTA	1.01609756406000539	1.03423715528517767	1.01569305765981021	1.0080527974225482	1.0232776737680343	1.04476017053862068	1.06991892592690775	0.91226163772190419	1.11757416428322236
ACCGTA	1.05541933629169971	1.06692122077158875	1.06099340839155172	1.03976194887664779	1.04445972652970095	1.15505950706772152	1.01879779776021524	1.0060053629491283	0.953139903775539449
CCCGTA	0.903581585146690292	0.910478994924365674	0.905967918211230609	0.91593076668376526	0.915884923097104004	0.800371987796812686	1.11906422921316283	1.2669362437358401	1.20814516369184976
TCCGTA	1.02051119405719795	1.02522613203026638	1.04589536761045076	1.04067691949637035	1.04297494266495943	1.05807634204513226	0.995039874568566332	0.879692908553936137	1.06262541668899474
GCCGTA	1.01432344670266647	1.0263382646744783	1.01104538812285768	0.98599208387903478	1.00108335408713327	0.917797041853229797	0.936559330074948141	0.887292168592216815	0.887878086081995562
ATCGTA	1.06545026889946543	1.04530868779125026	1.04808107149653086	1.05435509545306619	1.0436502130183505	1.00021170595627704	0.98678878770401603	0.990044775336444002	1.01751571209602115
CTCGTA	1.00087833054721828	0.978869928130241259	0.999050554158794601	1.004646142785425	1.0893256459470742	1.06356374751525419	1.09315825310642503	1.21046054745089678	1.08085771890698012
TTCGTA	0.947599017604032788	0.941620870915355207	0.939269865657112869	0.945225053581755213	0.947035184756480611	0.957082330206063503	1.0012369594234135	0.820592182053018146	1.01501141193348244
GTCGTA	0.962823862230712892	0.958258247580484882	0.953536553411845503	0.9854846334781634	0.962665609570532888	0.942360101477505991	0.899174246330428812	1.257998970893671	0.854954128387129673
AGCGTA	0.966165724816533433	0.960860116181427153	0.95688922120204437	0.944390930538603237	0.948139901931898785	1.02141974473152548	0.927969532322825474	0.870872063338066447	0.893228551890010172
CGCGTA	1.02560838116620062	1.03115871893236704	1.02230237556236848	1.01548893549534773	1.00781360428459732	0.971651897921503571	0.801269683311812601	0.659106739093809649	0.583351806801386994
TGCGTA	0.994758417393814363	0.99423547000148163	0.978454186315427915	0.969808370735814292	0.971385548547753379	0.9755496580801065	1.05021759035080837	1.23481044415830524	1.08974044195485376
GGCGTA	1.02082346921362921	1.00579287944992673	1.01231468455682701	1.02436031277411159	1.01854366625480482	1.0529893903962866	1.10554922491456775	1.07331116546938641	1.20398932203593092
AACGTC	1.05326798335131252	1.0466989238655585	1.05402149256843983	1.05610194848207934	1.06963957263688796	1.03107434114730469	0.849058972572737111	1.21837094075525761	0.910371503958920024
CACGTC	1.06528954073793178	1.05809753606972645	1.04274612980364394	1.06524478165229112	1.07808104800419513	1.16611613122217212	1.29566350871538321	0.951412752717035146	1.34280151730811118
TACGTC	1.01609756406000539	1.03423715528517767	1.01569305765981021	1.0080527974225482	1.0232776737680343	1.04476017053862068	1.06991892592690775	0.91226163772190419	1.11757416428322236
GACGTC	0.88049813591323171	0.883302061607760372	0.887576799506264462	0.824340758770465602	0.838755733076502562	0.702980301485728309	0.498303215235128214	0.647603170382151289	0.285311276835733271
ACCGTC	0.944655121143569298	0.943789459394979759	0.94590632353409771	0.93921734120458061	0.933011701529764965	1.02079417114161826	0.993904990098115691	0.805110408401394274	1.08494954852734825
CCCGTC	0.993383115588710391	0.999504561581894829	1.0086496370142807	1.00015993124205655	1.00265081161476077	0.827101865664833922	0.883432654841274818	0.973261128781033834	0.844414434935944579
TCCGTC	0.998717927991436397	1.00357976687148629	1.01389627403115309	0.994676498452448592	0.991257113950684453	0.90467515917695263	1.04496357957944986	1.03518986392476648	1.03137476750028447
GCCGTC	1.05238142897216872	1.04488204916839724	1.04371453239366776	1.05163028288995035	1.05283786676228732	1.30487013797734243	1.11788671898776374	1.2047531580468174	1.06310420455164906
ATCGTC	1.0086845077060012	1.01063917680711339	1.01167361257053558	1.00629946627075599	1.00308035201462582	1.06646232977044559	0.999808362815143249	0.909666293701559617	0.961730662238175121
CTCGTC	0.989504697873933972	0.957031611452261996	0.953058190369298069	0.950788468991269133	0.946266537975484788	1.01139459535502974	0.888945535417268291	0.956359885877996631	0.83731519315155661
TTCGTC	1.03482310741142673	1.02613626949023189	1.02714302932094956	1.04112997671011518	1.030201192649476	0.881485093978182732	1.05234682871074523	1.02319920080832674	1.13154285826066037
GTCGTC	0.993096377607656213	0.995990735440490292	0.988599939109141658	1.01457504645473908	1.0052327208576742	1.20586952637108955	1.13054722865571275	1.04519289414428537	1.29197178478399844
AGCGTC	1.02535524506867882	1.01675521443070041	1.01291996747869339	1.02936526638246069	1.03535786286283139	0.949484040865659678	1.18835683184970698	1.08783423351716084	1.10161554274826846
CGCGTC	0.97225141136544611	0.984021286858820618	0.987688483847298494	0.991249044810794173	0.990051562645496489	0.974022779639583697	0.83021789124550538	1.00055726162604438	1.37439511218308821
TGCGTC	1.00691538668568298	0.996889315600511974	1.00244437410633457	1.00000502915579783	1.00910908145614851	1.13045061643673273	0.88230292122254884	0.951059062750092752	0.783574654340638816
GGCGTC	0.99368340410611091	0.991388059952850043	1.00183003832768712	1.01364085071941933	1.01359736597024451	0.861868135975544077	0.541928851302448686	0.969223930976921084	0.321526940642183167
AACGTT	0.926968804581071559	0.932214791753792084	0.92876166985279293	0.925110450284169181	0.931801693071864045	1.02964521176419609	1.06226262217300593	0.822995026330153282	1.0473191497200885
CACGTT	1.10666978811850548	1.0879053498543975	1.10295142086899024	1.08612641198532119	1.09274013588472479	1.02013832989286666	0.988041812790313908	0.891153085146237173	0.920722073950020299
TACGTT	0.950878547611976031	0.959951186330699958	0.948654118369408545	0.973259147387761415	0.981009984799776956	0.945191970958658262	1.05577697684598012	1.14715607955125176	1.13682771284339516
GACGTT	1.05326798335131252	1.0466989238655585	1.05402149256843983	1.05610194848207934	1.06963957263688796	1.03107434114730469	0.849058972572737112	1.21837094075525761	0.910371503958920024
ACCGTT	0.98043661009052429	0.973764304214244367	0.979276942922772155	0.981327349368632865	0.986346000364261262	0.957659688335003744	0.997332284267744179	1.17012886213614404	1.02223130628001892
CCCGTT	0.966016294213754255	0.974691155511170678	0.97296470754281766	0.971530111363901672	0.964659218593323129	1.28186131662292793	0.969245005860844933	0.962608926710396963	0.926729047347016487
TCCGTT	1.02957200051139434	1.03386921325062463	1.02665359306957707	1.02332755941796401	1.02064623058308094	0.959188471425364081	0.958346542633128915	1.06223668543433706	0.931524552160482588
GCCGTT	1.00999372372223967	1.01502883742203571	1.00375424333010891	1.0055611099999477	1.00700241436736661	0.879033932778453488	1.15915524438817723	0.833985773788716649	1.15429103030723086
ATCGTT	1.01043897287364294	1.01423181723980685	1.01407755484285971	1.01592607623361251	1.01315502030445192	0.970375777206437885	1.01665876405546391	1.00341054807335864	1.0174571536854604
CTCGTT	0.985038371552277425	0.976636889286375945	0.984563028878438117	0.957194475415853336	0.975306711075620587	0.813120596463893196	0.948300440163867199	1.10174551736084928	1.06045302183952082
TTCGTT	1.020414032209147	1.02913335348947177	1.02448601810599827	1.01709998106518942	1.02071272922767847	1.17735290135194915	0.943281206650401168	0.980458632745476648	0.937886430454120296
GTCGTT	0.957459766196425574	0.950802629197272632	0.945044019239828202	0.946994625759894583	0.943601495299859346	0.990167859231112981	1.02398246977942069	0.919147379873513471	0.973165215336689194
AGCGTT	1.05923380168691446	1.05186538430333532	1.05182601504138294	1.05272791885172836	1.05239751376070103	0.887543984856418483	0.886544642126216299	0.957644068513637842	0.913636852217726504
CGCGTT	0.98039116485410648	0.986058458467197543	0.975205147243868773	0.992259436604071676	0.989689256527953931	0.943576333489580435	1.05985905560449882	1.12441771118375677	1.12449397762263782
TGCGTT	0.991581975041949411	0.970437963594076638	0.989845322494449785	0.978231214096522408	0.97862735735553462	1.00106863063769267	1.0495446399281574	0.88903210806529075	1.03009346732490415
GGCGTT	1.01457925177792226	1.00798475169009139	1.01728177092701789	1.0052917323777891	1.0084856147226203	1.1284229180237943	1.08335830762923303	1.09263340866258994	1.06033462627192644
AACGTG	1.10666978811850548	1.0879053498543975	1.10295142086899024	1.08612641198532119	1.09274013588472479	1.02013832989286666	0.988041812790313908	0.891153085146237172	0.9207220739500203
CACGTG	0.381278740984256385	0.364241688498939065	0.385116876615672167	0.491045557105522239	0.49553647447864571	0.657423665240649421	0.857401491545080102	1.23079751324678653	0.924428015471893019
TACGTG	1.0513713088875519	1.04662215872768854	1.03654871496070913	1.04864909469013675	1.03915915306420161	1.13656807450513774	0.935689026616139816	1.0021679934425066	0.987554405934964617
GACGTG	1.06528954073793179	1.05809753606972645	1.04274612980364394	1.06524478165229112	1.07808104800419513	1.16611613122217212	1.29566350871538321	0.951412752717035146	1.34280151730811118
ACCGTG	1.01665483036692415	1.02728168744942904	1.01851584417263016	1.02441254632330587	1.02802453640535177	0.862579787241257839	0.983209209818404314	0.899186198049022705	0.962740456913678822
CCCGTG	1.15252549656089793	1.21283161958508667	1.16259273750382813	1.13118974463312099	1.12886033196113119	1.30279748019269677	1.13163673825955631	0.937819597671639916	1.16566301178721639
TCCGTG	0.937645853884745738	0.924366906037756637	0.95831420905492781	0.945953531669158383	0.956108243175389663	1.03823107418590815	0.980878659845557346	0.927758947514007577	0.977583048325065757
GCCGTG	0.954694267253323408	0.959827660939194127	0.963836692818224721	0.962017570940141175	0.962180323613844766	1.09469562752536533	0.960192008944370886	1.17793351242092816	0.999766693046309631
ATCGTG	0.966090648154570361	0.970256336414861885	0.959565975166259284	0.975985025736885888	0.965247675226368785	0.949816583040706288	0.953113257819624216	1.09268834096730573	0.989686159554547251
CTCGTG	1.08500365955176121	1.11761346294129285	1.1392958915297178	1.07518200180815641	1.08406717605999805	1.17638693770304165	1.16161499960367228	0.442419246973255216	1.08255971713941913
TTCGTG	0.962996799152363464	0.973824625806978784	0.955636506239725948	0.953787935726479342	0.960736616159891937	0.936256287335379954	0.989743015795499287	1.08970411044512074	0.93552076411320828
GTCGTG	1.05310480774164898	1.03543134225649441	1.03069547792567698	1.0313874496481054	1.03347441145473705	0.973699245060808749	0.99481227579458619	1.00775859073818434	1.0587946653801869
AGCGTG	0.961072245830637527	0.958746462671159224	0.96169058096223419	0.957553279278956959	0.965539171875577717	1.26858573976072936	1.08192188886961797	1.01150316332344448	1.15027782972052745
CGCGTG	1.02541521176396079	1.01387992210874435	1.00635476491487795	1.00335589306712974	1.00634257970337643	1.09591658159142246	0.974215225579928413	1.1695190617389757	0.898250835985260263
TGCGTG	1.03171764211997308	1.03553777960999486	1.01867541339535959	1.03576036746272268	1.0301582054153229	0.756443310919203792	1.08600722801342644	0.986908289132452392	1.0669878902096578
GGCGTG	0.989064475562840785	0.992174261224257583	0.997620034700079117	0.989720128797980189	0.986235018827313162	0.77434890017688187	0.874787760549232653	0.872597005470469809	0.855047548139094201
AACGGA	1.02957200051139434	1.03386921325062463	1.02665359306957707	1.02332755941796401	1.02064623058308094	0.959188471425364081	0.958346542633128915	1.06223668543433706	0.931524552160482588
CACGGA	0.937645853884745738	0.924366906037756637	0.95831420905492781	0.945953531669158383	0.956108243175389664	1.03823107418590815	0.980878659845557346	0.927758947514007577	0.977583048325065757
TACGGA	1.02051119405719795	1.02522613203026638	1.04589536761045076	1.04067691949637035	1.04297494266495943	1.05807634204513226	0.995039874568566331	0.879692908553936137	1.06262541668899474
GACGGA	0.998717927991436397	1.00357976687148629	1.01389627403115309	0.994676498452448593	0.991257113950684454	0.904675159176952629	1.04496357957944986	1.03518986392476648	1.03137476750028447
ACCGGA	0.958908282766574159	0.970898839236527664	0.965223308944320841	0.970570483583524246	0.962732154630014477	1.17769150270533021	1.18666123923066692	0.983866818751459354	1.28724113502275785
CCCGGA	1.0520789211508504	1.03474417648249254	1.03748615073873406	1.04216490010801901	1.03812018064795225	1.0311324349460057	0.69803030570396836	1.02102198113121179	0.60028758468025968
TCCGGA	0.804794560636523003	0.825897990754136951	0.787070826374461751	0.85341764536442225	0.840569035940568935	0.683448415300083704	0.846794611453598377	0.94146711145290468	0.799865404042613656
GCCGGA	1.14587429185754968	1.13708832893722841	1.13959835521570976	1.14435468601335577	1.13547907111605795	1.19695575602434898	1.46718209719026675	1.10737931114363585	1.41846686751634555
ATCGGA	1.04600139644663247	1.02471193355318298	1.0558036344129675	1.00926958815926071	1.04133975928985761	0.955275674510658769	0.958000376857520334	0.819686988466304227	0.964097826858148579
CTCGGA	0.81983196080592649	0.882459255521079713	0.884692968376502336	0.810050321501030125	0.782669730946953108	0.866035487934873528	0.935267681911292428	0.906704555776593044	1.08545866015869645
TTCGGA	1.16961927330833739	1.14027989974868011	1.17388071304549344	1.11801948616154383	1.13750308045761779	1.04919963648575188	1.024627312921539	1.34591107248489005	0.970456585787916795
GTCGGA	0.949450260433239551	0.966773462512895615	0.955208706127338268	0.983185984100012319	0.978355608107804861	1.18063462398280268	1.12943603573614866	0.954278739805802792	1.07464595240398775
AGCGGA	1.00940662741163718	0.999086168389027764	1.00837615291841993	1.02206961267413782	1.02173268533061868	0.891436121374612241	1.02486077689662523	0.984608469506576848	1.00552374021173121
CGCGGA	1.00190687911187744	1.02306282774139969	0.999669401998119292	1.00738407387940642	1.01265228429032168	1.11044314652515462	1.67400931629687806	1.18793960532124682	1.49571955688248577
TGCGGA	1.10865689029404379	1.10163492396503814	1.11267754323333269	1.09376498855781835	1.09810977814278418	1.21550977852906294	1.23394132040810196	0.992611448860763799	1.24586825624579418
GGCGGA	0.93301076614451778	0.932127728748995453	0.938940785348557403	0.921754012978557875	0.932688450931374141	0.826938914148205758	0.462136514590910219	0.896622570258870081	0.541744629108151809
AACGGC	1.00999372372223967	1.01502883742203571	1.00375424333010891	1.0055611099999477	1.00700241436736661	0.879033932778453488	1.15915524438817723	0.833985773788716649	1.15429103030723086
CACGGC	0.954694267253323407	0.959827660939194127	0.963836692818224721	0.962017570940141175	0.962180323613844766	1.09469562752536533	0.960192008944370886	1.17793351242092816	0.999766693046309631
TACGGC	1.01432344670266647	1.0263382646744783	1.01104538812285768	0.98599208387903478	1.00108335408713327	0.917797041853229797	0.936559330074948141	0.887292168592216815	0.887878086081995562
GACGGC	1.05238142897216872	1.04488204916839724	1.04371453239366776	1.05163028288995035	1.05283786676228732	1.30487013797734243	1.11788671898776374	1.2047531580468174	1.06310420455164906
ACCGGC	1.03719521565615557	1.02268145962811233	1.03888080790984037	1.05317077945860668	1.04136790064648542	0.899542238517307533	0	1.19791842752200191	0
CCCGGC	1.19088311385758318	1.18694936273356572	1.18361361698610321	1.18283527669290475	1.1757152724069685	1.28121484263538951	1.52048119814499193	1.01048516549029619	1.60670594530363291
TCCGGC	1.14587429185754968	1.13708832893722841	1.13959835521570976	1.14435468601335577	1.13547907111605795	1.19695575602434898	1.46718209719026675	1.10737931114363585	1.41846686751634555
GCCGGC	0.255225736985954212	0.259153824223533484	0.256965930889226568	0.285059984734437785	0.283550023889239959	0	0	0.165955101212725149	0
ATCGGC	0.99116919605853349	0.98818116924823247	0.992919819359493879	0.990381489048252214	0.992840681898295452	1.03101208222754877	1.03078562185608656	1.01231127836842493	1.01242817547460064
CTCGGC	0.965076874109192974	0.966605421379891643	0.956466100628597453	0.956879017305556389	0.967174300202948906	0.746789021178326121	1.04621098527281303	0.856301236323371099	1.04523424578975437
TTCGGC	0.993921684323829948	0.992756907478722539	0.986179725121158147	0.983928812651100897	0.98980940403194394	1.0431300702571497	0.920451040785643543	1.07905810663050029	0.969500847645084451
GTCGGC	1.0601429087218368	1.07580644936295826	1.08595524363463079	1.07742943787558515	1.07168231297654627	0.897214112962978082	1.16724657888311949	1.02000984796293506	1.17546548215503002
AGCGGC	0.975446117483567549	0.975419573593674368	0.971868701898529203	0.961955462222125787	0.963933196365422682	1.15836382479411553	0.972015415896326397	0.948900154830238779	0.906883469672111735
CGCGGC	0.964369142417408996	0.955581681097610064	0.961948518297001828	0.949453806727325705	0.948478621075802889	0.853493762425343832	0.82525220034015409	0.843915166214996845	0.636131198941742097
TGCGGC	0.911043738564093277	0.904229224256342606	0.915678001587671882	0.912246257028181364	0.908385674253575807	0.918736757021632522	0.850265167477241131	0.980772580008361687	0.835795929530717782
GGCGGC	1.17427666164211215	1.17139625547482237	1.17042434277339794	1.17749267970905334	1.18322001574331962	1.06362325622029483	1.21357364543621108	1.16972640180818797	1.3321289770055776
AACGGT	0.98043661009052429	0.973764304214244368	0.979276942922772155	0.981327349368632864	0.986346000364261261	0.957659688335003744	0.99733228426774418	1.17012886213614404	1.02223130628001892
CACGGT	1.01665483036692415	1.02728168744942904	1.01851584417263016	1.02441254632330587	1.02802453640535177	0.862579787241257839	0.983209209818404314	0.899186198049022706	0.962740456913678821
TACGGT	1.05541933629169971	1.06692122077158875	1.06099340839155172	1.03976194887664779	1.04445972652970095	1.15505950706772152	1.01879779776021524	1.0060053629491283	0.953139903775539449
GACGGT	0.944655121143569298	0.94378945939497976	0.94590632353409771	0.93921734120458061	0.933011701529764966	1.02079417114161826	0.993904990098115692	0.805110408401394274	1.08494954852734826
ACCGGT	1.01336159570676355	1.00382287449955863	1.0081271657116612	0.995354300214605255	0.992118018368485649	0.890262864810269845	0.273570121140058577	0.596307927527167093	0.163286201020512992
CCCGGT	1.00558209343116891	1.01059009600311408	1.00045021859768959	1.01424211800975125	1.01512339538101636	1.04075695851549625	1.35790109627231736	1.21316031184598015	1.53208297774878191
TCCGGT	0.95890828276657416	0.970898839236527664	0.965223308944320841	0.970570483583524247	0.962732154630014477	1.1776915027053302	1.18666123923066692	0.983866818751459354	1.28724113502275785
GCCGGT	1.03719521565615557	1.02268145962811233	1.03888080790984037	1.05317077945860668	1.04136790064648542	0.899542238517307532	0	1.19791842752200191	0
ATCGGT	0.986894264884132946	0.982079777467969019	0.974473575924371447	0.986015889381245632	0.986252449605212212	1.04506244630005031	1.0618154216885964	1.24045033340697578	1.04710216077639955
CTCGGT	1.05545499659699853	1.03646943165796168	1.03510305865352997	1.04747351322358471	1.04095551221608781	1.21455427655196915	1.01453627810632692	0.879441112769498471	0.947731734476309115
TTCGGT	0.964600233303074307	0.955067594966350513	0.968386358289379472	0.967657895856885576	0.964977715064422804	0.80224765266366869	0.987138761111736957	0.923459976553146344	1.00317480156580834
GTCGGT	1.01855796220689541	1.02898274486462043	1.00660089520697201	1.02343981797756769	1.01235724720042163	1.04000931079779024	0.95265295489494606	0.778101817604165607	0.925205215604802278
AGCGGT	1.01940665251014306	1.02826135066936303	1.02413976278133442	1.03424543026107368	1.02849658384634159	1.13866002458174882	1.14792306550316449	1.08525337001843752	1.13216270885981741
CGCGGT	0.976869259432095035	0.971571943605182386	0.980261107727415466	0.962881282581752786	0.964389115110390938	0.933300513144829505	0.832201604696227859	0.831748534841113543	0.856458308499596764
TGCGGT	1.04205468977317966	1.0268977682516466	1.02117193718609794	1.03910661090615827	1.04508603086176826	0.869099038128275253	0.907149378912040074	0.99637721114444168	0.910382768038709926
GGCGGT	0.987524273384984918	0.985555197006252402	0.990794649450166533	0.979709083161928441	0.994017713990727843	0.990722709562458846	1.09377744037654601	1.04016135786763736	1.07807925738825727
AACGGG	0.966016294213754255	0.974691155511170678	0.97296470754281766	0.971530111363901671	0.964659218593323129	1.28186131662292793	0.969245005860844933	0.962608926710396962	0.926729047347016487
CACGGG	1.15252549656089793	1.21283161958508667	1.16259273750382813	1.13118974463312099	1.12886033196113118	1.30279748019269677	1.13163673825955631	0.937819597671639916	1.16566301178721639
TACGGG	0.903581585146690291	0.910478994924365674	0.90596791821123061	0.915930766683765259	0.915884923097104003	0.800371987796812686	1.11906422921316283	1.2669362437358401	1.20814516369184975
GACGGG	0.99338311558871039	0.999504561581894829	1.0086496370142807	1.00015993124205655	1.00265081161476077	0.827101865664833921	0.883432654841274817	0.973261128781033834	0.844414434935944579
ACCGGG	1.00558209343116891	1.01059009600311408	1.00045021859768959	1.01424211800975125	1.01512339538101636	1.04075695851549625	1.35790109627231736	1.21316031184598015	1.53208297774878191
CCCGGG	0.603578154545638147	0.597627935232786551	0.605591031523433059	0.683840637407606764	0.685147984222065268	0	0.343892385441965881	0.828255608911913329	0.439091893438452958
TCCGGG	1.0520789211508504	1.03474417648249253	1.03748615073873406	1.04216490010801901	1.03812018064795225	1.0311324349460057	0.69803030570396836	1.02102198113121179	0.60028758468025968
GCCGGG	1.19088311385758318	1.18694936273356572	1.18361361698610321	1.18283527669290475	1.1757152724069685	1.28121484263538951	1.52048119814499193	1.01048516549029619	1.60670594530363292
ATCGGG	1.05510800233033447	1.01963845861360668	1.06142863836247848	1.03019445953917907	1.03161603294759025	1.03184998258934201	0.934328899565046273	0.848380690317568462	1.04092614734296609
CTCGGG	0.941889170890173865	0.903880162870718969	0.95442704338828088	0.920237951339641448	0.932813811259924791	0.884186751147847126	1.03986278161623345	1.43610749081895151	0.915497926320906429
TTCGGG	0.99144777597957686	0.998738048961242991	1.01284441709015406	1.02765311989748932	1.01839737377978317	1.13042344675536353	1.13801889179288475	0.890181484018892639	1.17983091123068172
GTCGGG	0.940738949234646237	0.975282807354225735	0.955557701798169039	0.955326556873300369	0.955306779478443993	0.706720303016441274	0.801064135795013979	1.1771590881443895	0.643296781609903342
AGCGGG	0.973368695905387113	0.988874476013486879	0.988748491047186285	0.97883829342079692	0.983028741219152967	0.788007782452248479	0.851273151245939706	1.01788417997095853	0.838216732453666959
CGCGGG	1.14754537836704893	1.12744381972475145	1.14345152884894235	1.14604183351186795	1.13651927922066589	1.02364295259715864	1.06516960311594969	1.09306837721266496	1.11873653191028619
TGCGGG	1.01777212059807738	1.02419664398089162	1.02438404237723127	1.01633715831228731	1.01604661826045048	1.06856966456774284	0.983535663720463732	1.014476337093254	1.05628769007951631
GGCGGG	0.919865714987823154	0.911039824170874564	0.91908877196951111	0.917333329469467165	0.914569685492966798	1.16753377277947247	1.02442262428129814	0.953630983315936509	1.02777993324547594
